Neutral: 0.3670820500701666%
Calm: 34.9166601896286%
Happy: 0.0011957598871958908%
Sad: 19.57288831472397%
Angry: 1.8465676987489132e-05%
Fearful: 30.860117077827454%
Disgust: 8.893396705389023%
Surprised: 5.388638004660606%